EXCHANGE%3DNYSE
MARKET_OPEN_MINUTE=570
MARKET_CLOSE_MINUTE=960
INTERVAL=60
COLUMNS=DATE,CLOSE,HIGH,LOW,OPEN,VOLUME
DATA=
TIMEZONE_OFFSET=-240
a1469107860,46.93,46.98,46.91,46.98,6954
1,46.95,46.97,46.93,46.93,3800
2,46.99,47,46.98,47,2842
3,46.95,46.99,46.95,46.99,800
4,46.95,46.97,46.95,46.97,1258
5,47.01,47.01,46.96,46.96,2201
6,47.01,47.01,47.01,47.01,266
7,47.01,47.01,47,47,2900
8,47.08,47.1,47,47,4901
9,47.08,47.12,47.07,47.09,4500
10,47.11,47.12,47.0601,47.08,11979
11,47.13,47.14,47.12,47.12,1800
12,47.1342,47.1342,47.1342,47.1342,200
13,47.1,47.12,47.09,47.12,1700
14,47.03,47.09,47.03,47.09,3456
15,47.01,47.03,47.01,47.03,2700
16,47.03,47.04,47,47.01,2900
17,47.03,47.03,47,47.02,2500
18,46.99,47.04,46.99,47.04,1800
19,47.02,47.02,47,47,3938
20,47.01,47.02,47.01,47.02,647
21,46.98,47.01,46.98,47,7300
22,46.98,46.98,46.96,46.97,1746
23,47.02,47.02,46.99,46.99,5464
24,47,47.02,47,47.01,5550
25,47.005,47.01,47,47.01,3989
26,47.01,47.01,47,47,2200
27,47.03,47.04,47.02,47.02,3536
28,47.03,47.04,47.03,47.04,934
29,47.04,47.04,47.025,47.03,2316
30,47,47.04,47,47.03,4117
31,47,47,47,47,2742
32,47,47.02,47,47,3562
33,47.02,47.02,47.01,47.01,1426
34,47.01,47.02,47,47.01,1397
35,47.02,47.04,47.02,47.03,3800
36,46.97,47.02,46.97,47.02,2335
37,46.95,46.96,46.95,46.96,1200
38,46.93,46.94,46.925,46.94,1605
39,46.94,46.94,46.92,46.92,1770
40,46.97,46.98,46.95,46.95,2650
41,46.96,46.9701,46.96,46.97,1619
42,46.94,46.96,46.94,46.95,2880
43,46.98,46.98,46.95,46.95,2700
44,46.97,46.97,46.97,46.97,1000
45,46.97,46.97,46.97,46.97,200
46,46.97,46.97,46.97,46.97,100
47,46.98,46.98,46.95,46.96,3446
48,47.02,47.02,46.99,46.99,1450
49,46.97,47.02,46.96,47.02,4506
50,46.985,46.985,46.98,46.98,869
51,46.98,46.99,46.98,46.99,800
52,46.98,46.98,46.98,46.98,700
53,46.94,46.97,46.94,46.97,1200
54,46.9,46.94,46.9,46.94,500
55,46.87,46.89,46.87,46.89,900
56,46.9,46.9,46.8702,46.8702,2195
57,46.89,46.9,46.89,46.9,800
58,46.89,46.89,46.88,46.88,1100
59,46.92,46.92,46.9,46.9,1000
60,46.92,46.93,46.91,46.92,3647
61,46.92,46.92,46.92,46.92,900
62,46.89,46.92,46.89,46.92,1200
63,46.9,46.9,46.8999,46.8999,1368
64,46.91,46.91,46.91,46.91,1000
65,46.91,46.91,46.91,46.91,2000
66,46.91,46.93,46.91,46.925,1800
68,46.91,46.91,46.88,46.9,2433
69,46.92,46.93,46.91,46.91,1200
70,46.93,46.93,46.93,46.93,600
71,46.95,46.95,46.94,46.94,700
72,46.93,46.95,46.93,46.95,1328
73,46.925,46.925,46.92,46.92,1599
74,46.93,46.93,46.93,46.93,100
75,46.92,46.93,46.91,46.92,3500
76,46.95,46.95,46.93,46.93,1400
77,46.95,46.95,46.95,46.95,800
78,46.94,46.945,46.94,46.9418,988
79,46.95,46.95,46.94,46.94,1200
80,46.98,46.98,46.95,46.95,1565
81,46.96,46.97,46.96,46.97,900
82,46.97,46.97,46.96,46.96,1700
83,46.97,46.975,46.97,46.975,600
84,46.96,46.97,46.96,46.97,500
85,46.945,46.96,46.94,46.96,1000
86,46.93,46.94,46.93,46.94,694
87,46.92,46.93,46.92,46.93,600
88,46.91,46.92,46.91,46.92,900
89,46.91,46.92,46.91,46.92,500
90,46.91,46.91,46.905,46.91,2760
91,46.89,46.91,46.89,46.91,4000
92,46.91,46.91,46.88,46.88,3363
93,46.92,46.927,46.92,46.927,600
94,46.91,46.92,46.91,46.92,700
95,46.92,46.92,46.91,46.91,600
96,46.9,46.91,46.9,46.91,300
97,46.905,46.91,46.9,46.91,1816
98,46.92,46.92,46.91,46.91,900
99,46.93,46.93,46.93,46.93,200
101,46.92,46.925,46.92,46.925,300
102,46.93,46.93,46.92,46.92,400
103,46.91,46.93,46.91,46.93,2953
104,46.93,46.93,46.91,46.91,13030
105,46.92,46.94,46.92,46.93,1900
107,46.92,46.92,46.91,46.92,2400
108,46.95,46.95,46.93,46.93,2800
109,46.96,46.96,46.96,46.96,1800
110,46.96,46.97,46.96,46.97,900
111,46.97,46.97,46.97,46.97,300
112,46.97,46.97,46.97,46.97,100
113,46.97,46.97,46.96,46.97,1700
114,46.96,46.98,46.96,46.98,1700
115,46.951,46.96,46.95,46.96,500
116,46.95,46.95,46.95,46.95,1800
117,46.95,46.95,46.94,46.94,200
118,46.93,46.9411,46.93,46.94,2577
119,46.93,46.93,46.93,46.93,200
120,46.89,46.9325,46.89,46.93,3976
121,46.88,46.89,46.875,46.89,2400
122,46.88,46.88,46.87,46.88,2554
123,46.87,46.88,46.87,46.88,500
124,46.87,46.88,46.87,46.88,700
125,46.86,46.86,46.86,46.86,600
126,46.87,46.87,46.86,46.86,2400
127,46.86,46.86,46.86,46.86,1200
128,46.85,46.86,46.85,46.86,500
129,46.85,46.85,46.85,46.85,200
130,46.83,46.85,46.83,46.85,3950
131,46.82,46.83,46.82,46.83,1001
132,46.81,46.82,46.795,46.81,4020
133,46.815,46.815,46.815,46.815,100
134,46.81,46.81,46.81,46.81,500
135,46.78,46.8,46.78,46.8,2200
136,46.79,46.81,46.79,46.79,2453
137,46.78,46.79,46.76,46.79,11764
138,46.78,46.79,46.78,46.78,800
139,46.785,46.785,46.78,46.78,400
140,46.75,46.789,46.75,46.789,2296
141,46.75,46.75,46.75,46.75,500
142,46.75,46.75,46.74,46.74,1853
144,46.74,46.74,46.74,46.74,596
145,46.768,46.77,46.744,46.744,3507
146,46.77,46.77,46.765,46.765,522
147,46.775,46.775,46.771,46.771,200
148,46.78,46.79,46.78,46.78,3623
149,46.79,46.79,46.78,46.79,400
150,46.78,46.785,46.77,46.785,4699
151,46.76,46.77,46.76,46.77,1200
152,46.76,46.76,46.76,46.76,300
153,46.75,46.76,46.75,46.76,1500
154,46.75,46.76,46.75,46.75,700
155,46.77,46.77,46.75,46.75,3615
156,46.765,46.77,46.76,46.77,400
157,46.76,46.76,46.76,46.76,300
158,46.76,46.77,46.76,46.77,1200
159,46.77,46.77,46.76,46.76,425
160,46.765,46.765,46.76,46.765,3546
161,46.775,46.775,46.76,46.76,2162
162,46.77,46.775,46.77,46.775,300
163,46.77,46.78,46.77,46.77,2664
164,46.765,46.77,46.76,46.765,700
165,46.76,46.76,46.76,46.76,400
166,46.76,46.77,46.76,46.76,400
167,46.76,46.76,46.76,46.76,700
168,46.765,46.77,46.76,46.76,1300
169,46.76,46.77,46.76,46.76,1000
170,46.755,46.7689,46.75,46.7689,2400
171,46.729,46.75,46.72,46.75,2298
172,46.74,46.74,46.72,46.73,3192
173,46.73,46.73,46.73,46.73,100
174,46.73,46.73,46.72,46.73,1300
175,46.71,46.72,46.71,46.72,1920
176,46.71,46.71,46.7,46.7,1000
177,46.73,46.73,46.7,46.7,3179
178,46.741,46.741,46.74,46.74,600
179,46.75,46.75,46.75,46.75,1300
180,46.76,46.76,46.75,46.75,700
181,46.75,46.755,46.75,46.755,300
182,46.77,46.77,46.76,46.76,1000
183,46.75,46.765,46.75,46.76,2466
184,46.75,46.755,46.75,46.755,300
185,46.75,46.75,46.74,46.75,1100
186,46.75,46.75,46.73,46.74,3941
187,46.75,46.75,46.745,46.75,1100
188,46.75,46.76,46.75,46.76,700
189,46.75,46.76,46.75,46.76,400
190,46.751,46.751,46.75,46.75,300
191,46.75,46.75,46.75,46.75,630
192,46.75,46.75,46.73,46.74,4288
194,46.74,46.74,46.74,46.74,1195
195,46.735,46.74,46.73,46.73,600
196,46.74,46.74,46.74,46.74,1200
197,46.73,46.745,46.73,46.745,1100
198,46.74,46.74,46.735,46.735,1100
199,46.74,46.74,46.735,46.735,1542
200,46.72,46.74,46.72,46.74,4364
201,46.73,46.73,46.72,46.73,600
202,46.725,46.73,46.725,46.73,300
203,46.71,46.72,46.71,46.72,1500
204,46.71,46.71,46.71,46.71,1500
205,46.71,46.72,46.71,46.71,929
206,46.71,46.72,46.7,46.715,2600
207,46.69,46.71,46.69,46.71,2400
208,46.69,46.69,46.69,46.69,200
209,46.705,46.705,46.7,46.7,1533
210,46.72,46.72,46.71,46.71,605
211,46.72,46.725,46.715,46.72,1200
212,46.735,46.74,46.73,46.73,800
213,46.74,46.74,46.73,46.73,1400
214,46.72,46.74,46.72,46.74,1728
215,46.71,46.72,46.71,46.72,3497
216,46.7,46.71,46.7,46.7,1000
217,46.72,46.72,46.7,46.7,3128
218,46.72,46.72,46.71,46.72,2000
219,46.72,46.72,46.71,46.72,500
220,46.67,46.71,46.67,46.71,7053
221,46.66,46.675,46.66,46.67,1600
222,46.66,46.67,46.66,46.67,1600
223,46.665,46.68,46.66,46.67,5317
224,46.68,46.7,46.665,46.67,27883
225,46.67,46.69,46.67,46.68,7800
226,46.66,46.675,46.66,46.67,3233
227,46.66,46.66,46.65,46.65,1282
228,46.65,46.65,46.65,46.65,100
229,46.65,46.65,46.65,46.65,200
230,46.66,46.67,46.65,46.66,9920
231,46.65,46.65,46.65,46.65,765
232,46.65,46.65,46.65,46.65,700
233,46.65,46.65,46.65,46.65,1850
234,46.66,46.67,46.655,46.66,9100
235,46.65,46.65,46.65,46.65,1748
236,46.63,46.64,46.63,46.64,2428
237,46.625,46.63,46.625,46.63,534
238,46.64,46.64,46.63,46.63,1400
239,46.63,46.63,46.63,46.63,1184
240,46.63,46.63,46.63,46.63,1900
241,46.63,46.63,46.63,46.63,800
242,46.63,46.63,46.63,46.63,200
243,46.64,46.64,46.63,46.63,900
244,46.65,46.65,46.635,46.64,1200
245,46.66,46.66,46.65,46.65,1300
246,46.66,46.66,46.66,46.66,100
247,46.65,46.65,46.65,46.65,200
248,46.65,46.66,46.65,46.65,1600
249,46.65,46.65,46.65,46.65,1202
250,46.66,46.665,46.65,46.65,5779
251,46.66,46.66,46.65,46.66,2440
252,46.64,46.66,46.64,46.66,2844
253,46.63,46.63,46.63,46.63,900
254,46.63,46.63,46.63,46.63,1100
255,46.64,46.64,46.62,46.63,2988
256,46.65,46.65,46.65,46.65,200
257,46.64,46.64,46.64,46.64,1750
258,46.64,46.65,46.64,46.64,1700
259,46.63,46.64,46.63,46.64,903
260,46.63,46.64,46.625,46.63,1900
261,46.64,46.64,46.6299,46.6299,900
262,46.63,46.65,46.63,46.64,1700
263,46.63,46.63,46.62,46.63,1398
264,46.62,46.63,46.62,46.63,600
265,46.62,46.62,46.6,46.62,1990
266,46.625,46.625,46.61,46.61,900
267,46.63,46.63,46.63,46.63,100
268,46.62,46.62,46.62,46.62,100
269,46.62,46.62,46.62,46.62,1350
270,46.61,46.61,46.61,46.61,1900
271,46.61,46.61,46.605,46.605,1500
272,46.61,46.615,46.61,46.61,1000
273,46.61,46.61,46.59,46.61,2350
274,46.6,46.61,46.6,46.6,900
275,46.6,46.61,46.6,46.6,1600
276,46.6,46.6,46.6,46.6,1400
277,46.6,46.6,46.595,46.6,1600
278,46.59,46.6,46.59,46.59,1200
279,46.57,46.59,46.57,46.59,4200
280,46.54,46.56,46.54,46.56,1415
281,46.55,46.55,46.54,46.54,2500
282,46.55,46.56,46.55,46.55,1697
283,46.57,46.57,46.55,46.555,2200
284,46.56,46.56,46.56,46.56,2192
285,46.55,46.55,46.55,46.55,2200
286,46.525,46.545,46.525,46.54,1472
287,46.5275,46.53,46.52,46.53,1000
288,46.53,46.53,46.52,46.52,500
290,46.53,46.54,46.52,46.5241,3502
291,46.54,46.54,46.53,46.53,1400
292,46.52,46.535,46.52,46.535,1200
293,46.53,46.53,46.53,46.53,800
295,46.52,46.52,46.51,46.52,1125
296,46.5299,46.53,46.52,46.52,1291
297,46.55,46.55,46.525,46.53,1491
298,46.55,46.55,46.55,46.55,1200
299,46.54,46.55,46.54,46.55,2870
300,46.54,46.54,46.54,46.54,100
301,46.55,46.55,46.53,46.53,2102
302,46.55,46.55,46.54,46.55,1067
303,46.56,46.56,46.55,46.55,1200
304,46.55,46.55,46.55,46.55,919
305,46.55,46.55,46.55,46.55,700
306,46.55,46.56,46.55,46.55,1235
307,46.55,46.55,46.54,46.54,940
308,46.56,46.56,46.54,46.55,2600
309,46.54,46.56,46.54,46.56,1750
310,46.57,46.58,46.55,46.55,3158
311,46.57,46.58,46.565,46.58,1800
312,46.56,46.58,46.56,46.57,600
313,46.56,46.57,46.551,46.57,4007
314,46.56,46.57,46.56,46.56,1540
315,46.54,46.56,46.54,46.56,4042
316,46.54,46.54,46.54,46.54,100
317,46.565,46.57,46.545,46.545,3180
318,46.57,46.57,46.57,46.57,800
319,46.565,46.57,46.555,46.56,3850
320,46.57,46.57,46.565,46.565,700
321,46.58,46.58,46.58,46.58,200
322,46.58,46.58,46.58,46.58,400
323,46.57,46.58,46.57,46.57,1455
324,46.59,46.59,46.57,46.57,1500
325,46.6,46.6,46.59,46.59,900
326,46.59,46.6,46.59,46.59,1800
327,46.58,46.59,46.58,46.59,500
328,46.59,46.59,46.58,46.58,4610
329,46.59,46.59,46.58,46.59,1500
330,46.575,46.58,46.57,46.58,4071
331,46.58,46.58,46.57,46.575,800
332,46.585,46.59,46.58,46.58,3125
333,46.585,46.59,46.58,46.59,3000
334,46.575,46.58,46.57,46.57,1900
335,46.55,46.58,46.55,46.58,5674
336,46.555,46.565,46.555,46.56,2850
337,46.535,46.555,46.53,46.55,1300
338,46.54,46.54,46.53,46.53,1664
339,46.52,46.535,46.52,46.535,1900
340,46.52,46.525,46.52,46.52,1200
341,46.5,46.525,46.5,46.52,9299
342,46.49,46.5,46.475,46.5,3100
343,46.47,46.485,46.47,46.48,1694
344,46.47,46.475,46.465,46.47,2830
345,46.48,46.485,46.47,46.47,3250
346,46.5,46.5,46.49,46.49,600
347,46.47,46.5,46.47,46.5,4431
348,46.48,46.48,46.47,46.47,853
349,46.5,46.5,46.48,46.48,1800
350,46.51,46.51,46.51,46.51,200
351,46.51,46.51,46.51,46.51,1600
352,46.53,46.53,46.52,46.52,300
353,46.54,46.54,46.525,46.53,2093
354,46.56,46.56,46.54,46.54,1800
355,46.57,46.57,46.56,46.56,1156
356,46.58,46.58,46.57,46.57,2559
357,46.58,46.58,46.575,46.575,700
358,46.57,46.58,46.57,46.58,5904
359,46.58,46.58,46.575,46.58,3338
360,46.59,46.6,46.59,46.59,1400
361,46.58,46.59,46.575,46.59,7733
362,46.57,46.575,46.57,46.575,3300
363,46.585,46.585,46.57,46.57,3100
364,46.595,46.595,46.57,46.585,5051
365,46.58,46.6,46.58,46.6,5292
366,46.56,46.5839,46.56,46.5839,7672
367,46.54,46.565,46.535,46.56,12954
368,46.51,46.54,46.51,46.54,13260
369,46.51,46.515,46.5,46.51,12588
370,46.54,46.54,46.52,46.52,5534
371,46.535,46.555,46.525,46.535,8040
372,46.53,46.54,46.53,46.53,3808
373,46.53,46.53,46.53,46.53,400
374,46.55,46.55,46.53,46.53,6643
375,46.59,46.59,46.545,46.545,6857
376,46.595,46.6,46.59,46.59,6855
377,46.61,46.619,46.59,46.59,8373
378,46.59,46.61,46.59,46.61,8316
379,46.595,46.595,46.59,46.59,1600
380,46.58,46.595,46.58,46.59,8945
381,46.59,46.6,46.58,46.58,7560
382,46.585,46.595,46.58,46.59,4535
383,46.59,46.595,46.58,46.58,5650
384,46.6,46.6,46.59,46.59,4553
385,46.62,46.62,46.59,46.5932,10085
386,46.645,46.65,46.615,46.62,45971
387,46.66,46.66,46.64,46.64,19328
388,46.66,46.66,46.65,46.655,14267
389,46.66,47.14,46.65,46.66,35460